0100010011110110010000000111111000100011111000101111010010010001
0010011110010110101001010010001101111000001101011000100001101100
0011000010011011010100101011101110110010111000001010100001010111
0111000010001101100010001111101001000100000010000100011101001101
1001010001111111111111110011100101100001100100000000010011100010
1011111110001100110011010000101100101000100101101111100011111101
0010000011011000000000001001100011110100111001111101001011111110
0000000010111011100000011111011100110101011010000101111100110011
0101011110010011010000101011101010001001111111110011111110001101
1100111100100110011111001101000001011101101001110011101111110111
0101110001101111101010011110011101010000110100001110101111010010
1000110110100100101101100111111000110101001001010000001101110110
1100001110100001101011100101010111010110111111101111101111001010
0001000110110011110100101000100100001010001001111101000110011000
0010001101000001010101111110100011000010111111011000110101111100
1011100100000100101000001110100100011111000100001010001100001010
1110101111100101001110000011000000000110011111011101111011001001
1001111010011110100010011001000111001001011010000010010101001000
0100001101111101100000111011010110011110011100010011011010110111
1110110010011010011000000101010111010101111000111111000001100111
0010110000000111101100011000101011011110101010111111111101010010
0000100101111010110110101000111101010010100010100000100011100001
0010001111100001011110001100100100100010101100111111000000011011
0100101000011101100111000011000101111101010001010000011110111000
0000010101111010110001101110000000001111101100011101101001001000
1110101011101000000011000010011011000001001010110001001100111011
1110111101010011011100110101011010100101101001000011000110000000
1000110011101000010000100010010000011110111111110000111010010011
0011001001010110010001001110011010000100001111110111101110111000
1101111101100100011111110111001110110001101011111110100011001111
0110101010000011110000110000111101101110000100111111111111101100
1100000110011000101101110110001111011000110111000000001111010110
0111111100100001111011001100110000111001111101011110100111010111
0111000110111111001110111001011110101001011001011111010000100101
0010110101010110100001111101110010000100101111110000110010100010
1111011100010100001100011000110111100110111110011000000001110101
1000100100111110110111011010000011001000001010111000010010100010
1110010001100101010110010111101010001100111110011000100100011010
0011110101110011101001000001110001110001100000000000010011000111
0010001011111001001110110101100110110001100111111010000111110001
1110000010010000001011011101101111001010110111111100000101000010
1011001110000000001100111100100011010010101010101100110010101010
1101000001000100010000100000010001100101100000001111110000101100
0100011101001011001100110111100000110111101110001110000111101001
0011010011011010111110000001010010101010011101010010000110110001
0111001100111100100101011110010011110010011111001011001111101001
0001011011111101111100011100101101110100011100010011110100110011
0010100010101101100100011111000000010001110100011010001010101000
0000101101100001111101101101100111011001110000100010101000110001
1101110010010101010110111001000000100110110101010101010011010111
1100101001011100000101000011110000111100001111000110110011111000
1011100010101000011011100001001001010001010010001110010111010011
0110000111101101000111001001010011010101011111100000110001101101
0110000101000010010010100100001110110110000100101010100110011000
0010110101100110000101000011110011111111000111101100001001111100
0001101010010000000010111001101010000100111010010101100111111011
0100001011010011001110010100010101111101001000111001101110010011
0111110001111111010001010011100010010010100110001101100111100010
0001110101111110001101101110001001101100010101000100101011101000
1110011110010100110100010001101010100010100011010100110001010001
0001001110001110000010010100011001111100000111011000111001110011
1100010110101100111000011001100101010010011011110000001101011110
1100111111010001011011111010011011111001010001001011110101101110
1100100100101100110010000011000111110111110000100000111100111000
