1110001001101000111010010010010001001010000010111000011010000111
0010101000001111000101001000110100011011010010101100001010001100
1010101110110000000101000010001000101001011010010100111001010010
0001001011010001000011101011001000010000100100101111111100100100
1100001011110110011101111100101011011100011100110111001000110100
0100110100101011101010000111100001011010110010011110100110000001
1100011110011000011000110000101001100000000011011011010011001101
1100100000111101010101001111011111011111111001001011001011001010
1001101101100111101001100000110000101001010111110000100001000001
0010111111011101100100010110000011100000101100010110101001111011
0000100010100110100000101100111100001011111010110111100110010000
0101101001101110111110011000101101111011111101000000111000100110
1100101100110111001110101010101010110001001110001110100011110110
0000110010101001110100111001011110010110101001001001101110000100
0010101001011101110010011100010001100111010100010111111011101010
1010101101000100001100001000101010011001000010101001010110001111
0011100010100000111111110000100110011000100100001000000000111001
1110001111110011001101011001110101011001101111000010011011000101
1111101011100100010100100011011100111010111110001111101100001001
0110000001101110111100001011100110000001110100111110100111010000
0100110000101010010101011110111011000100101010100110000001001101
1111101010011110110111100110000011010100011001010101110110001000
1100011100000010101110010110011101001100100111011011001011010011
1001100000000011000010000001001100010111000110011011100000011000
0111001000010001010101101011101110100101100001101001010101101111
1101001000101000101011000010111100100010110010000100010001101101
1111110111101101001001010010101001010001000010101100111101101000
1101101110111001111010101001001000010101111111011110001000000010
0011000110001000101000010011000011000010111011100001111100010000
1111110010011011000010000001010100101111011001110111110111001111
1001011001000001011100010001001100000011001010111000101010000110
1000000101001000000011011010111001110000100100111001011101010101
1110101100101011000110101111001100000000111010111111111110010111
0010010110000110011001100010011001000100101101011110111111000100
1010110011011101011100110001000111100010100000101101111010110001
1000001001010000100101001101111010000010111111111111111101000110
1001001111101011110010111110001011011001001010011101100111011011
1011010010110111100000000010110011001101001100001100011001010110
1011011001000001010011101101001110010010110101011011111111011010
0110101111110010110000110001111011010111011110111100010100010000
0000011001011111001101101100001010001101000111000011110001111111
1101111110011101001111010111110101101001000011010011011100101010
1111110010000100001011001100110001100001101100010011110011100101
1001000101011000110010110000001000011010111000110110000110010101
0100001100110010110111001001100101110011100100000011000101010000
1101111010000101011001111010010100000111101010001011011110110000
0001010001111010011110100101010110101001010110100010011100001100
0000110110100000010101111010110101110010010111000100100111101011
1101011110100100001000110110001010011101001110100010010001001010
1011011011111010001110100111011010110000101100011101011110010000
1111100100000110011011001000000111110001111010110010000010100000
1010101101011000000110010010000011110111001100110001101101101111
1100010101100101101110101111010011000110110111111010011010100000
1000101111000101111101110011111011110011001000011011101011111100
0010110110100101110100000111101100111110011011000111100010001101
1100111011100111101001000101001111001001010011111100001101011011
1101100101111011101011110100101111100101000101101001101101000001
0101011101001111001101111110111110011000000111000000100001001101
1011010101001001110100001001100000001111101001010000010011101010
1111010100001001110110110101000010010100101001001111110010100100
1011011010100100010010111010110010011010101110010000011001011100
1110110000000011100010100100110010111001001101000101001010110001
1110011100100001101001010000111000110000010101010000110000110001
0010110010110011100101100000000111000000000011101001010111111110
