1001000101000001011111011000100010011101000011110001011010001011
1111010001001100010000110000101010010111000001010111111000001110
1110100010000111110111101001110000011100101000111110101110001001
0100001101111110110111110010000001100010100111000111111000011000
1110110010000011111001100110000010010100101011001111100010011100
0001011101111001101110010101000110110100110110011010111111110111
0001010010011010000000011010011001000110111101000101010011110011
1101001110110101100000101111011000010110010011010000100001101001
0101001100100011111011011110101001100001110101111100000001101110
1101111100011011001100111011101011111101001010111010001110000001
0100111001101000101000010101100011001000010111100000010011011010
0010101111101011111000101101101010100100110101001111100010110001
0001010111000111101011111111001100001101111110010010001100000001
0110011101101011011111111010010000010101110010000000001110101010
0101011011110100101101000111000010010101110111110000111110101101
1100001010001111110100001100100010101111100100001010001010001010
0100111011100010110111101101110100100010111001100011011100000110
0001010011101001101000011001010110111101111011010110001111010111
1101100111011010110011010110101010110000100000110000100011101010
1001111111100100101001111111111001001100000111101111011110111101
0110011000000100001010110111001110000111001111011110111111101000
0111100100001101101101001110110011010101001100110000101101010001
0011101101011000011010101101101011000110100100000101010001010000
0100110000011110001101111011000001001111111110100100100010001111
0000011101111000101101100000011001100100111010111110001000010110
0101101000111101001000011010000000110110001111011010111100101000
0011000111111001101001110010000000111111101010101001001010100011
0010001101001100011111000101001000101101001101111001000010111110
1110101010100100100100001000100010000011110110111000101111011111
0010100000101001011100001001111101001111001011111011111001001100
0000101101111110110010101100101001101111001001010111010101111010
0010000100011111000010100111100010100101110100000110101101000101
0000000001010010000010001010000001010110011101101101101110100000
1100111011100110110001001000101011101011001011001100111111111000
0111111010010001011110000100000111000011001110011010111001111011
1101111110101111000011110011010010100000110111011000010111011011
0011111111111101001000111010000001101110000001011101110100000001
1100011010001000110011010010111001111110001010000100100100010011
1000111010101100011000111011011000010000101000010101100111111110
1011100111111000110011110111011011100001001110001010000011110001
1011001010010100101110110100101010110111110000011001010000011111
1010000111000100110111010110011000110100101111000000010010100011
0101011100001010001011010100011000101010111001100000100110010011
1101001000100101110101010101010110010100000000001010011011110011
0011101001101110000110001101100001110110111001100000110101011111
0001001111101100110101010101111001100111001100000111100101001010
1110100110111100110100000100110010100101111000100100101111101110
0100111110001001111001101010100100111000110001101100010011010011
1100111101111000100101001110101000100001111000000100000011001101
0111011110110000100011010001100111101011000000011000001111110110
0001001011110010011001011010110011110001011100110000000011000110
0111110011100010111010000101101111101111010101110100010000000110
1010010100010011111110010001110101000100001110011011111000011001
0111000001001001111000010010101110001011001101010011100100010000
0001101010000110100011110010001011000011010001011000000111011101
0010111010000100101010010101010010100100110011110111001011110001
0011011110100111100110010110011100110100110110101111001001111100
0001100000000010010110110000110100000000011100100101000001011000
1110100010010000001110101001010111100100011000101000110100100010
1010000110011011101001110101101001010111011110111101000100110111
1010110011111101010110000110001111011000111101010100011001000111
0101111001011000011010001011111101000111010011111101011100111111
1111000000011001111000011001011101000101110110100010011111111011
1100100010011000101010111011101100100010111100001100011111001010
